0.5 0.5 
0.457354 0.482951 
0.493442 0.454543 
0.536088 0.471592 
0.542646 0.517049 
0.506558 0.545457 
0.463912 0.528408 
0.410771 0.494107 
0.4244 0.448187 
0.481874 0.409784 
0.52642 0.422145 
0.579364 0.480972 
0.582593 0.535456 
0.544754 0.570415 
0.504042 0.591015 
0.439677 0.569371 
0.380368 0.533911 
0.361098 0.487679 
0.378144 0.430724 
0.416396 0.399396 
0.496985 0.36553 
0.551591 0.385182 
0.571017 0.425462 
0.606985 0.448894 
0.620955 0.488854 
0.624715 0.533113 
0.605683 0.570764 
0.568283 0.607463 
0.519271 0.634148 
0.474303 0.62577 
0.405608 0.604207 
0.353119 0.577648 
0.328866 0.532181 
0.310907 0.472443 
0.328812 0.415467 
0.36669 0.380373 
0.422795 0.349988 
0.483657 0.321433 
0.52851 0.331939 
0.585568 0.357892 
0.624879 0.41189 
0.647978 0.445889 
0.660988 0.494894 
0.650249 0.564318 
0.629135 0.604589 
0.593964 0.641737 
0.538858 0.674712 
0.493935 0.671392 
0.442149 0.660206 
0.370223 0.639999 
0.314377 0.613574 
0.285797 0.564768 
0.259599 0.49192 
0.268385 0.437747 
0.309876 0.364885 
0.368119 0.328208 
0.433111 0.301555 
0.483197 0.274755 
0.539891 0.28879 
0.585361 0.315838 
0.621884 0.336686 
0.654451 0.384492 
0.678171 0.420729 
0.684864 0.459457 
0.699624 0.497675 
0.677898 0.529745 
0.689285 0.567935 
0.669184 0.607093 
0.646992 0.640524 
0.604241 0.682131 
0.567792 0.708066 
0.52444 0.716447 
0.464611 0.707102 
0.414869 0.70044 
0.344482 0.685199 
0.276357 0.652917 
0.234771 0.588103 
0.209078 0.519166 
0.210743 0.46179 
0.235378 0.391318 
0.267667 0.329731 
0.318943 0.31095 
0.358476 0.276992 
0.415882 0.255647 
0.466957 0.230968 
0.512998 0.238798 
0.572678 0.259285 
0.614399 0.285406 
0.657972 0.318424 
0.685536 0.360905 
0.713307 0.406273 
0.722036 0.453142 
0.735626 0.506517 
0.716126 0.541726 
0.725403 0.578076 
0.702343 0.626421 
0.672442 0.67053 
0.633621 0.711048 
0.598141 0.738316 
0.556769 0.749474 
0.495655 0.750789 
0.420895 0.749967 
0.37499 0.730422 
0.303402 0.719085 
0.22162 0.667214 
0.183042 0.615707 
0.164086 0.558738 
0.152312 0.499988 
0.156049 0.437527 
0.184093 0.362961 
0.214423 0.309376 
0.258673 0.273443 
0.315089 0.247292 
0.362503 0.224567 
0.427019 0.20534 
0.469182 0.183566 
0.530673 0.197053 
0.58234 0.217764 
0.613454 0.244641 
0.64923 0.264205 
0.696218 0.311506 
0.722408 0.353164 
0.749528 0.41068 
0.757997 0.456503 
0.769106 0.494583 
0.762701 0.529545 
0.761363 0.579123 
0.742476 0.609741 
0.726855 0.654078 
0.698971 0.698071 
0.669287 0.729003 
0.626892 0.768237 
0.565064 0.792018 
0.501992 0.796479 
0.459255 0.779122 
0.398891 0.794429 
0.338079 0.766747 
0.269023 0.762332 
0.193064 0.719173 
0.153759 0.66948 
0.121832 0.617233 
0.103371 0.545276 
0.113288 0.39181 
0.0950764 0.4517 
0.136171 0.324935 
0.184709 0.257655 
0.248741 0.216862 
0.305333 0.193492 
0.353757 0.172917 
0.423738 0.156129 
0.478993 0.137243 
0.532195 0.152552 
0.61123 0.187005 
0.570147 0.177365 
0.644801 0.2185 
0.679943 0.23977 
0.731562 0.299847 
0.703793 0.275068 
0.750557 0.33056 
0.756059 0.36624 
0.783334 0.401779 
0.792597 0.45703 
0.803237 0.49538 
0.796996 0.532326 
0.795822 0.57861 
0.779037 0.608709 
0.550781 0.832548 
0.495277 0.841821 
0.439091 0.822475 
0.385243 0.843205 
0.307474 0.810704 
0.242206 0.812556 
0.172602 0.776345 
0.133321 0.730039 
0.0696793 0.654927 
0.0435181 0.519166 
0.0508327 0.584055 
0.051015 0.373931 
0.0293479 0.451473 
0.0856377 0.286295 
0.127046 0.237317 
0.17349 0.197548 
0.225208 0.163918 
0.289461 0.140673 
0.366022 0.121555 
0.4183 0.106954 
0.46397 0.0928184 
0.509954 0.10202 
0.553619 0.113598 
0.606773 0.146333 
0.644225 0.16281 
0.678939 0.198746 
0.713925 0.222951 
0.738297 0.264773 
0.765304 0.288142 
0.785272 0.326829 
0.790743 0.366019 
0.816725 0.39851 
0.824565 0.465868 
0.816235 0.433764 
0.835612 0.500191 
0.826988 0.54606 
0.462645 0.874448 
0.39814 0.892855 
0.348693 0.879199 
0.255889 0.869189 
0.200001 0.852722 
0.114689 0.797793 
0.0704572 0.740689 
0.00279788 0.650207 
-0.0222688 0.537947 
-0.0164536 0.365268 
-0.0397163 0.455112 
0.0321945 0.247197 
0.086121 0.188006 
0.150346 0.14034 
0.222427 0.104874 
0.293319 0.0848769 
0.347461 0.0727486 
0.409672 0.0579771 
0.47041 0.0456636 
0.516937 0.057088 
0.577885 0.0775097 
0.625438 0.109702 
0.679948 0.146035 
0.706914 0.173088 
0.739846 0.197308 
0.761968 0.238411 
0.788324 0.262716 
0.809925 0.30419 
0.817204 0.336859 
0.831429 0.369888 
0.848865 0.396933 
0.847558 0.443815 
0.855161 0.474754 
0.339926 0.931519 
0.269779 0.925073 
0.214438 0.90916 
0.146447 0.880595 
0.0711009 0.845629 
0.00594234 0.758794 
-0.0492256 0.697879 
-0.0644989 0.628989 
-0.0939693 0.532663 
-0.0399892 0.297662 
-0.084059 0.388803 
-0.0183152 0.200174 
0.0319479 0.149969 
0.0986469 0.104532 
0.155507 0.0776625 
0.232358 0.046463 
0.304967 0.0303674 
0.367743 0.023665 
0.435645 0.0136005 
0.480795 -0.000475813 
0.544874 0.0216161 
0.606386 0.0461217 
0.65863 0.0868662 
0.700081 0.113906 
0.725677 0.141477 
0.763588 0.171097 
0.774416 0.204764 
0.810523 0.237835 
0.820971 0.2695 
0.842352 0.302822 
0.849363 0.33699 
0.865835 0.371138 
0.879689 0.398732 
0.87533 0.430201 
0.883085 0.462183 
0.194857 0.965504 
0.102042 0.92541 
0.0190222 0.88774 
-0.0306045 0.81896 
-0.0884621 0.759837 
-0.122501 0.694878 
-0.138265 0.621369 
-0.139678 0.472255 
-0.169139 0.542044 
-0.100875 0.257676 
-0.158741 0.379861 
-0.0840222 0.171517 
-0.0283988 0.116466 
0.0307893 0.0809558 
0.124555 0.0232198 
0.200931 -0.00317856 
0.287005 -0.0217972 
0.340673 -0.0208903 
0.392794 -0.0220561 
0.447146 -0.0330207 
0.492155 -0.0458893 
0.541573 -0.022142 
0.581119 -0.00312168 
0.6381 0.019932 
0.672839 0.0507202 
0.723509 0.0852004 
0.752492 0.117512 
0.789836 0.148907 
0.800683 0.183302 
0.822218 0.207585 
0.842567 0.232838 
0.853326 0.273681 
0.873076 0.297755 
0.879904 0.341395 
0.895938 0.368771 
0.909273 0.396835 
0.131788 0.983619 
0.0665046 0.980274 
-0.012131 0.950095 
-0.0505556 0.891938 
-0.101564 0.833026 
-0.163764 0.764613 
-0.214555 0.638402 
-0.212637 0.443982 
-0.2476 0.556963 
-0.169986 0.289598 
-0.163076 0.213785 
-0.229492 0.344059 
-0.137591 0.118721 
-0.0368766 0.0447432 
0.0543143 0.0160006 
0.109605 -0.0392245 
0.191561 -0.0627735 
0.248913 -0.0629139 
0.303567 -0.0753442 
0.39045 -0.0729408 
0.460751 -0.0798952 
0.505903 -0.0900894 
0.547042 -0.0658329 
0.592219 -0.0438908 
0.626993 -0.0182176 
0.665585 -0.00876188 
0.702321 0.0263929 
0.743253 0.0550317 
0.766968 0.0858281 
0.822332 0.156097 
0.797025 0.116411 
0.84716 0.187611 
0.871153 0.220512 
0.882248 0.263394 
0.902951 0.296349 
0.909528 0.340553 
0.925311 0.373303 
-0.0774353 0.97885 
-0.121841 0.909465 
-0.189647 0.839856 
-0.241869 0.779819 
-0.295206 0.65524 
-0.293085 0.461257 
-0.331742 0.552884 
-0.237982 0.247611 
-0.31244 0.337283 
-0.17093 0.0480597 
-0.215455 0.112263 
-0.0918685 -0.00277093 
-0.0232241 -0.0266383 
0.051046 -0.0673864 
0.104714 -0.104019 
0.191967 -0.123571 
0.253885 -0.12063 
0.33051 -0.123566 
0.382 -0.123287 
0.444117 -0.124646 
0.507228 -0.135727 
0.546089 -0.111761 
0.604134 -0.083913 
0.645278 -0.0540413 
0.686696 -0.0410015 
0.721572 -0.00515404 
0.758279 0.0231759 
0.778354 0.0521168 
0.831181 0.125397 
0.853344 0.14841 
0.808816 0.085605 
0.878069 0.186107 
0.900284 0.213407 
0.903775 0.24316 
0.92064 0.273716 
0.931397 0.300352 
0.937991 0.34001 
-0.167569 0.971752 
-0.240158 0.903182 
-0.316413 0.81836 
-0.362524 0.710241 
-0.379522 0.469304 
-0.411409 0.592592 
-0.316709 0.219191 
-0.39634 0.363533 
-0.243121 0.0136622 
-0.177237 -0.0316579 
-0.296569 0.126988 
-0.0973312 -0.0782117 
-0.0145342 -0.0980574 
0.0486607 -0.137381 
0.10558 -0.169244 
0.193553 -0.184329 
0.274507 -0.174501 
0.340013 -0.176651 
0.401629 -0.170848 
0.486674 -0.176428 
0.532199 -0.173878 
0.577311 -0.142519 
0.640031 -0.104193 
0.675825 -0.078958 
0.721696 -0.0548122 
0.754135 -0.0208221 
0.790961 0.0118411 
0.810104 0.0406514 
0.841103 0.0954043 
0.862107 0.118991 
0.883203 0.14129 
0.906248 0.176697 
0.928445 0.219587 
0.935688 0.250062 
0.948649 0.274921 
-0.313783 0.94325 
-0.404548 0.817619 
-0.452604 0.698963 
-0.471266 0.471241 
-0.504075 0.579292 
-0.401038 0.244879 
-0.38112 0.159004 
-0.487868 0.378472 
-0.323667 0.0374604 
-0.304004 -0.0441937 
-0.229995 -0.0922144 
-0.0878151 -0.153548 
-0.157816 -0.124121 
-0.00920923 -0.173366 
0.0503143 -0.203811 
0.107883 -0.234389 
0.227614 -0.23457 
0.296159 -0.226865 
0.37398 -0.217943 
0.434509 -0.209203 
0.487477 -0.222963 
0.538789 -0.217844 
0.57357 -0.190154 
0.613796 -0.164166 
0.648808 -0.142858 
0.707483 -0.100146 
0.752619 -0.0735021 
0.782128 -0.0414383 
0.807906 -0.0167502 
0.831839 0.0165571 
0.841838 0.0474274 
0.863267 0.0734603 
0.887504 0.102383 
0.911644 0.133436 
0.9307 0.161868 
0.931316 0.190458 
0.955599 0.213962 
-0.479321 0.87328 
-0.526638 0.760114 
-0.567852 0.46105 
-0.556486 0.663355 
-0.60308 0.575934 
-0.49171 0.265608 
-0.468961 0.132139 
-0.581251 0.348407 
-0.41222 0.0373778 
-0.378013 -0.0907427 
-0.296275 -0.142592 
-0.135424 -0.21204 
-0.211814 -0.182118 
-0.0613211 -0.221881 
0.00098346 -0.250699 
0.0829664 -0.294496 
0.147479 -0.286021 
0.212249 -0.291523 
0.274277 -0.27798 
0.329485 -0.271373 
0.397044 -0.264365 
0.460165 -0.260602 
0.506417 -0.265435 
0.566981 -0.251831 
0.611766 -0.208997 
0.665344 -0.178472 
0.687919 -0.146345 
0.729444 -0.129596 
0.770609 -0.103325 
0.798913 -0.0705459 
0.829405 -0.0411758 
0.850377 -0.00898921 
0.863232 0.0198389 
0.885072 0.0524231 
0.904465 0.0784476 
0.93152 0.113171 
0.958321 0.160753 
0.969934 0.191456 
0.967923 0.237629 
-0.627025 0.758225 
-0.670465 0.453762 
-0.695514 0.625735 
-0.58124 0.224947 
-0.565821 0.127189 
-0.513104 0.0457805 
-0.684703 0.341567 
-0.437758 -0.160279 
-0.468105 -0.0737699 
-0.356641 -0.205229 
-0.191888 -0.265871 
-0.117037 -0.287855 
-0.0415484 -0.307123 
0.0281487 -0.331889 
0.0879407 -0.360666 
0.156991 -0.348335 
0.242383 -0.343127 
0.316995 -0.323886 
0.374862 -0.309996 
0.42547 -0.306391 
0.495526 -0.30975 
0.539349 -0.297025 
0.585901 -0.290318 
0.609772 -0.254689 
0.68475 -0.211778 
0.714426 -0.172974 
0.757753 -0.151516 
0.793255 -0.12879 
0.81525 -0.0991125 
0.844722 -0.068887 
0.861062 -0.0417661 
0.892093 0.0106113 
0.913382 0.0443763 
0.932189 0.0711571 
0.955394 0.0992986 
0.955471 0.12691 
0.980388 0.145938 
-0.767629 0.503377 
-0.684066 0.211692 
-0.662764 0.0931369 
-0.603262 0.00345422 
-0.792568 0.362992 
-0.527717 -0.191289 
-0.455882 -0.25369 
-0.349752 -0.295411 
-0.244744 -0.327417 
-0.271617 -0.25087 
-0.161464 -0.350756 
-0.058359 -0.378085 
0.00902368 -0.398418 
0.0778646 -0.425992 
0.16968 -0.409585 
0.23601 -0.401032 
0.289343 -0.377599 
0.355936 -0.362135 
0.40918 -0.353021 
0.457708 -0.343813 
0.513719 -0.352145 
0.563767 -0.333787 
0.614162 -0.321441 
0.64599 -0.27386 
0.648019 -0.220313 
0.673776 -0.247856 
0.710507 -0.239321 
0.729574 -0.206117 
0.788787 -0.166846 
0.759993 -0.186057 
0.823054 -0.143294 
0.844489 -0.112692 
0.871819 -0.0840348 
0.88901 -0.0536944 
0.885366 -0.0235265 
0.919016 -0.000573075 
0.93418 0.0251583 
0.951984 0.051945 
0.974445 0.0806036 
0.98111 0.106449 
-0.789347 0.243336 
-0.764111 0.136338 
-0.748297 0.0261746 
-0.663339 -0.0826687 
-0.891433 0.424934 
-0.895643 0.308344 
-0.627664 -0.181057 
-0.586551 -0.27273 
-0.48783 -0.344448 
-0.3627 -0.384523 
-0.27449 -0.406059 
-0.161363 -0.4302 
-0.0629647 -0.451769 
0.0385655 -0.479788 
0.104804 -0.486924 
0.1704 -0.471486 
0.238267 -0.459559 
0.319025 -0.42501 
0.384018 -0.406731 
0.463443 -0.391353 
0.509215 -0.397219 
0.550503 -0.378583 
0.607297 -0.361645 
0.645547 -0.347489 
0.670056 -0.305043 
0.702136 -0.274958 
0.737184 -0.26439 
0.805646 -0.195592 
0.769986 -0.2191 
0.831603 -0.174049 
0.853963 -0.151267 
0.874593 -0.120309 
0.90069 -0.0920285 
0.918281 -0.0531661 
0.938705 -0.0206186 
0.959085 0.0134766 
0.977271 0.0430011 
0.995049 0.0648041 
-0.878797 0.143143 
-0.860073 0.00426692 
-0.785213 -0.0815805 
-0.732907 -0.197281 
-0.679878 -0.318616 
-0.593476 -0.376496 
-0.49532 -0.442262 
-0.400395 -0.467121 
-0.288979 -0.490583 
-0.207963 -0.494534 
-0.128948 -0.502724 
-0.00475166 -0.533079 
0.0630582 -0.543947 
0.139233 -0.542324 
0.219149 -0.514804 
0.276551 -0.503738 
0.340096 -0.475256 
0.391916 -0.457476 
0.428715 -0.423931 
0.474293 -0.437717 
0.53038 -0.437503 
0.586395 -0.403385 
0.63314 -0.39359 
0.678046 -0.369778 
0.704159 -0.322569 
0.746932 -0.298501 
0.7716 -0.273003 
0.81592 -0.226564 
0.848599 -0.200657 
0.874916 -0.173666 
0.888376 -0.146783 
0.92919 -0.0877731 
0.904946 -0.120528 
0.946062 -0.0575603 
0.964501 -0.0296559 
0.979133 -0.00392911 
0.997688 0.0271349 
-0.988523 0.0895591 
-0.958343 -0.0661975 
-0.871432 -0.15949 
-0.813951 -0.275952 
-0.73185 -0.415196 
-0.616303 -0.478386 
-0.531622 -0.533876 
-0.379476 -0.557711 
-0.284554 -0.577046 
-0.18288 -0.572626 
-0.0894021 -0.569559 
0.00347546 -0.603564 
0.0870086 -0.606941 
0.161912 -0.601589 
0.223127 -0.574084 
0.286483 -0.559423 
0.373466 -0.517027 
0.429364 -0.492069 
0.480283 -0.484448 
0.547164 -0.47876 
0.583668 -0.445314 
0.636677 -0.433384 
0.669371 -0.410424 
0.716043 -0.370116 
0.750055 -0.333429 
0.778742 -0.313261 
0.803859 -0.283859 
0.830984 -0.255037 
0.852712 -0.23127 
0.877166 -0.212402 
0.903137 -0.183344 
0.917366 -0.151042 
0.953918 -0.100259 
0.933269 -0.124829 
0.969925 -0.0702978 
0.990033 -0.0361424 
-0.955923 -0.247003 
-0.894888 -0.361831 
-0.814883 -0.491668 
-0.68919 -0.555069 
-0.58342 -0.620235 
-0.482732 -0.621913 
-0.348263 -0.644001 
-0.261239 -0.660165 
-0.147254 -0.644956 
0.0419135 -0.662695 
-0.0556557 -0.642002 
0.117804 -0.665482 
0.181653 -0.660679 
0.262143 -0.618626 
0.322539 -0.602369 
0.379144 -0.568576 
0.444011 -0.539049 
0.513246 -0.517722 
0.571987 -0.514821 
0.60212 -0.483199 
0.658307 -0.466788 
0.693623 -0.440162 
0.739974 -0.397506 
0.758241 -0.367393 
0.791995 -0.344289 
0.81224 -0.317298 
0.83583 -0.290747 
0.860035 -0.267467 
0.880935 -0.243407 
0.906897 -0.213331 
0.931826 -0.182024 
0.945515 -0.1502 
0.966236 -0.124001 
0.980639 -0.101462 
0.996034 -0.0714849 
-0.741337 -0.652205 
-0.646158 -0.70294 
-0.543165 -0.715921 
-0.438119 -0.708944 
-0.349879 -0.733949 
-0.263768 -0.745135 
-0.165853 -0.721388 
-0.00486991 -0.71273 
0.0618534 -0.728228 
-0.0888353 -0.707791 
0.137399 -0.726993 
0.220627 -0.707994 
0.284863 -0.671202 
0.359422 -0.642241 
0.409729 -0.610121 
0.464893 -0.582849 
0.528664 -0.56034 
0.585782 -0.55519 
0.615082 -0.522432 
0.66398 -0.505224 
0.69443 -0.481094 
0.72859 -0.453228 
0.760908 -0.426003 
0.781368 -0.39312 
0.819488 -0.362888 
0.843447 -0.325869 
0.86588 -0.297328 
0.888819 -0.277335 
0.909702 -0.250358 
0.935468 -0.213252 
0.958893 -0.18742 
0.981063 -0.145696 
-0.583063 -0.809133 
-0.480253 -0.794285 
-0.360691 -0.823353 
-0.26153 -0.830256 
-0.17418 -0.800638 
-0.03218 -0.778234 
0.0591128 -0.795628 
0.123232 -0.788944 
0.183967 -0.770237 
0.248459 -0.7604 
0.300826 -0.72504 
0.342114 -0.691841 
0.393723 -0.682031 
0.440809 -0.64946 
0.498038 -0.616943 
0.548261 -0.600424 
0.603004 -0.593547 
0.642055 -0.552971 
0.690319 -0.53345 
0.729404 -0.494044 
0.774688 -0.457612 
0.795173 -0.429874 
0.821767 -0.394873 
0.848327 -0.376906 
0.870489 -0.341218 
0.892751 -0.311101 
0.916286 -0.287488 
0.936001 -0.26124 
0.955976 -0.231511 
0.983558 -0.177575 
-0.441989 -0.884128 
-0.321623 -0.905182 
-0.218941 -0.903845 
-0.119711 -0.85943 
-0.0294375 -0.850606 
0.0586803 -0.863226 
0.133481 -0.852399 
0.210222 -0.825499 
0.273467 -0.812679 
0.350218 -0.750073 
0.398744 -0.732677 
0.440094 -0.703005 
0.493159 -0.662701 
0.538018 -0.642936 
0.630971 -0.623909 
0.590693 -0.632947 
0.669055 -0.581884 
0.716494 -0.560262 
0.737661 -0.528885 
0.763705 -0.504313 
0.79716 -0.483005 
0.82337 -0.447137 
0.845061 -0.416775 
0.877824 -0.386106 
0.899797 -0.347674 
0.921416 -0.316274 
0.94336 -0.29539 
0.963434 -0.260723 
-0.177811 -0.975516 
-0.102321 -0.934598 
-0.0124783 -0.920866 
0.0654046 -0.930512 
0.149739 -0.914042 
0.220245 -0.884515 
0.29021 -0.866867 
0.328766 -0.825273 
0.388273 -0.786928 
0.451542 -0.750348 
0.486818 -0.716763 
0.532207 -0.686746 
0.668757 -0.63717 
0.638379 -0.663264 
0.585698 -0.674474 
0.702476 -0.600768 
0.747374 -0.579444 
0.770001 -0.543423 
0.803441 -0.515382 
0.828339 -0.493754 
0.853427 -0.457844 
0.87605 -0.418362 
0.904938 -0.398274 
0.917287 -0.370618 
0.939241 -0.337872 
-0.0489238 -0.988968 
0.0505107 -0.996113 
0.11477 -0.976211 
0.189073 -0.963152 
0.260804 -0.927855 
0.319493 -0.914475 
0.373362 -0.855746 
0.437032 -0.802397 
0.490411 -0.778802 
0.548298 -0.728188 
0.690378 -0.668905 
0.634728 -0.702817 
0.715114 -0.635489 
0.75741 -0.613025 
0.781474 -0.587543 
0.811372 -0.547128 
0.836688 -0.524341 
0.859003 -0.501817 
0.877401 -0.477011 
0.885851 -0.446493 
0.377353 -0.907457 
0.420141 -0.878146 
0.462613 -0.844013 
0.518342 -0.815815 
0.536431 -0.77312 
0.588049 -0.746407 
0.672666 -0.701922 
0.710116 -0.700752 
0.631196 -0.742541 
0.738137 -0.663698 
0.50673 -0.862035 
0.563127 -0.821035 
0.598396 -0.787055 
